0.0
0.0
0.0

0.0
0.0
0.0

1.20481927711
20.4819277108
20.4819277108

20.4819277108
21.686746988
20.4819277108

21.686746988
21.686746988
20.4819277108

20.4819277108
21.686746988
21.686746988

43.3734939759
26.5060240964
21.686746988

61.4457831325
27.7108433735
27.7108433735

44.578313253
44.578313253
61.4457831325

71.0843373494
71.0843373494
72.2891566265

97.5903614458
93.9759036145
62.6506024096

100.0
87.9518072289
97.5903614458

104.819277108
100.0
100.0

100.0
113.253012048
108.43373494

112.048192771
100.0
110.843373494

100.0
100.0
100.0

100.0
100.0
100.0

110.843373494
104.819277108
110.843373494

108.43373494
100.0
106.024096386

100.0
100.0
100.0

100.0
100.0
100.0

109.638554217
107.228915663
107.228915663

100.0
119.277108434
107.228915663

100.0
100.0
100.0

100.0
100.0
98.7951807229

98.7951807229
100.0
100.0

100.0
100.0
100.0

100.0
100.0
98.7951807229

100.0
100.0
100.0

100.0
100.0
100.0

100.0
100.0
100.0

100.0
100.0
100.0

100.0
100.0
100.0

93.9759036145
93.9759036145
96.3855421687

103.614457831
104.819277108
104.819277108

132.530120482
131.325301205
131.325301205

127.710843373
128.915662651
128.915662651

134.939759036
131.325301205
131.325301205

133.734939759
133.734939759
128.915662651

131.325301205
132.530120482
132.530120482

130.120481928
132.530120482
131.325301205

132.530120482
131.325301205
133.734939759

132.530120482
131.325301205
132.530120482

132.530120482
128.915662651
131.325301205

134.939759036
131.325301205
131.325301205

132.530120482
133.734939759
131.325301205

142.168674699
133.734939759
136.144578313

138.554216867
138.554216867
138.554216867

138.554216867
136.144578313
139.759036145