4.38596491228
4.38596491228
4.38596491228

4.38596491228
4.38596491228
4.38596491228

4.38596491228
4.38596491228
4.38596491228

4.38596491228
4.38596491228
4.38596491228

4.38596491228
4.38596491228
4.38596491228

4.38596491228
4.38596491228
4.38596491228

4.38596491228
4.38596491228
4.38596491228

4.38596491228
4.38596491228
4.38596491228

4.38596491228
4.38596491228
4.38596491228

4.38596491228
4.38596491228
4.38596491228

4.38596491228
4.38596491228
4.38596491228

4.38596491228
4.38596491228
4.38596491228

4.38596491228
4.38596491228
4.38596491228

4.38596491228
4.38596491228
4.38596491228

4.38596491228
4.38596491228
4.38596491228

4.38596491228
4.38596491228
4.38596491228

4.38596491228
4.38596491228
4.38596491228

4.38596491228
4.38596491228
4.38596491228

4.38596491228
4.38596491228
4.38596491228

4.38596491228
4.38596491228
4.38596491228

4.38596491228
4.38596491228
4.38596491228

4.38596491228
4.38596491228
4.38596491228

4.38596491228
4.38596491228
4.38596491228

4.38596491228
4.38596491228
4.38596491228

4.38596491228
4.38596491228
4.38596491228

5.26315789474
5.26315789474
5.26315789474

5.26315789474
5.26315789474
5.26315789474

5.26315789474
5.26315789474
5.26315789474

7.01754385965
7.01754385965
7.01754385965

7.01754385965
7.01754385965
7.01754385965

7.01754385965
7.01754385965
7.01754385965

7.89473684211
7.89473684211
7.01754385965

8.77192982456
7.89473684211
7.01754385965

20.1754385965
13.1578947368
17.5438596491

19.298245614
18.4210526316
17.5438596491

21.9298245614
24.5614035088
22.8070175439

28.9473684211
27.1929824561
25.4385964912