0.909090909091
0.909090909091
0.909090909091
0.909090909091
0.909090909091
0.909090909091
0.909090909091
0.909090909091
0.909090909091
0.909090909091
0.909090909091
0.909090909091
0.909090909091
0.909090909091
0.909090909091
0.909090909091
0.909090909091
0.909090909091
0.909090909091
0.909090909091
0.909090909091
0.909090909091
0.909090909091
0.909090909091
0.909090909091
0.909090909091
0.909090909091
0.909090909091
0.909090909091
0.909090909091
0.909090909091
0.909090909091
0.909090909091
0.909090909091
0.909090909091
0.909090909091
0.909090909091
0.909090909091
0.909090909091
0.909090909091
0.909090909091
0.909090909091
0.909090909091
0.909090909091
0.909090909091
0.909090909091
0.909090909091
0.909090909091
0.909090909091
0.909090909091
0.909090909091
0.909090909091
0.909090909091
0.909090909091
0.909090909091
0.909090909091
0.909090909091
0.909090909091
0.909090909091
0.909090909091
0.909090909091
0.909090909091
0.909090909091
0.909090909091
0.909090909091
0.909090909091
0.909090909091
0.909090909091
0.909090909091
0.909090909091
0.909090909091
0.909090909091
0.909090909091
0.909090909091
0.909090909091
0.909090909091
0.909090909091
0.909090909091
0.909090909091
0.909090909091
0.909090909091
0.909090909091
0.909090909091
0.909090909091
0.909090909091
0.909090909091
0.909090909091
0.909090909091
0.909090909091
0.909090909091
0.909090909091
0.909090909091
0.909090909091
0.909090909091
0.909090909091
0.909090909091
0.909090909091
0.909090909091
0.909090909091
1.81818181818
1.81818181818
0.909090909091
1.81818181818
2.72727272727
1.81818181818
2.72727272727
0.909090909091
3.63636363636
4.54545454545
4.54545454545
1.81818181818
4.54545454545
6.36363636364
10.0
8.18181818182
8.18181818182
15.4545454545
11.8181818182
10.9090909091
14.5454545455
18.1818181818
17.2727272727
19.0909090909