95.4545454545
95.4545454545
95.4545454545
95.4545454545
95.4545454545
95.4545454545
95.4545454545
95.4545454545
95.4545454545
95.4545454545
95.4545454545
95.4545454545
95.4545454545
95.4545454545
95.4545454545
95.4545454545
95.4545454545
96.3636363636
95.4545454545
95.4545454545
96.3636363636
91.8181818182
90.9090909091
91.8181818182
90.9090909091
91.8181818182
91.8181818182
92.7272727273
91.8181818182
98.1818181818
88.1818181818
99.0909090909
92.7272727273
91.8181818182
84.5454545455
94.5454545455
98.1818181818
73.6363636364
92.7272727273
92.7272727273
93.6363636364
92.7272727273
93.6363636364
98.1818181818
73.6363636364
97.2727272727
81.8181818182
95.4545454545
96.3636363636
81.8181818182
100.0
100.0
100.0
100.0
100.0
100.0
100.0
100.0
100.0
100.0
100.0
100.0
100.0
100.0
100.0
100.0
100.0
100.0
100.0
100.0
100.0
100.0
100.0
99.0909090909
100.0
98.1818181818
98.1818181818
97.2727272727
81.8181818182
74.5454545455
78.1818181818
29.0909090909
31.8181818182
28.1818181818
28.1818181818
24.5454545455
25.4545454545
15.4545454545
16.3636363636
17.2727272727
14.5454545455
17.2727272727
14.5454545455
23.6363636364
22.7272727273
19.0909090909
26.3636363636
28.1818181818
28.1818181818
28.1818181818
28.1818181818
29.0909090909
34.5454545455
36.3636363636
31.8181818182
32.7272727273
32.7272727273
30.9090909091
31.8181818182
31.8181818182
31.8181818182
34.5454545455
35.4545454545
34.5454545455
36.3636363636
35.4545454545
34.5454545455
29.0909090909
39.0909090909
35.4545454545
42.7272727273
44.5454545455
43.6363636364