0.0
0.0
0.0
0.0
0.0
0.0
0.0
0.0
0.0
0.0
6.41025641026
6.41025641026
6.41025641026
6.41025641026
6.41025641026
6.41025641026
6.41025641026
6.41025641026
6.41025641026
6.41025641026
6.41025641026
44.8717948718
29.4871794872
29.4871794872
65.3846153846
44.8717948718
44.8717948718
65.3846153846
79.4871794872
61.5384615385
71.7948717949
84.6153846154
62.8205128205
84.6153846154
78.2051282051
80.7692307692
105.128205128
75.641025641
66.6666666667
89.7435897436
88.4615384615
88.4615384615
96.1538461538
93.5897435897
100.0
101.282051282
108.974358974
106.41025641
103.846153846
103.846153846
101.282051282
100.0
100.0
100.0
100.0
100.0
100.0
100.0
100.0
100.0
100.0
100.0
100.0
100.0
98.7179487179
100.0
100.0
100.0
100.0
100.0
100.0
100.0
100.0
100.0
100.0
100.0
100.0
100.0
103.846153846
108.974358974
102.564102564
133.333333333
129.487179487
128.205128205
133.333333333
137.179487179
135.897435897
137.179487179
138.461538462
137.179487179
139.743589744
137.179487179
138.461538462
133.333333333
142.307692308
137.179487179
138.461538462
141.025641026
146.153846154
143.58974359
139.743589744
142.307692308
142.307692308
138.461538462
138.461538462
139.743589744
139.743589744
139.743589744
142.307692308
141.025641026
139.743589744
133.333333333
139.743589744
139.743589744
141.025641026
134.615384615
142.307692308
139.743589744
142.307692308
135.897435897
124.358974359
130.769230769
148.717948718