1e-04
0.00012
0.00012
0.00014399999
0.00014399999
0.00017279999
0.00017279999
0.00020735999
0.00020735999
0.000248832
0.000248832
0.00029859837
0.00029859837
0.00035831804
0.00035831804
0.00042998165
0.00042998165
0.00051597797
0.00051597797
0.0006191736
0.0006191736
0.0007430083
0.0007430083
0.00089160993
0.00089160993
0.0010699319
0.0010699319
0.0012839183
0.0012839183
0.001540702
0.001540702
0.0018488424
0.0018488424
0.0022186108
0.0022186108
0.002662333
0.002662333
0.0031947996
0.0031947996
0.0038337596
0.0038337596
0.0030670078
0.0030670078
0.0036804094
0.0036804094
0.0044164914
0.0044164914
0.00529979
0.00529979
0.0063597476
0.0063597476
0.007631697
0.007631697
0.009158037
0.009158037
0.010989644
0.008791715
0.008791715
0.008791715
0.008791715
0.008791715
0.007033372
0.007033372
0.008440047
0.008440047
0.010128056
0.008102445
0.009722934
0.009722934
0.009722934
0.009722934
0.011667521
0.011667521
0.011667521
0.011667521
0.011667521
0.009334017
0.009334017
0.009334017
0.009334017
0.009334017
0.01120082
0.01120082
0.013440984
0.013440984
0.013440984
0.010752788
0.010752788
0.010752788
0.010752788
0.010752788
0.012903346
0.012903346
0.012903346
0.012903346
0.012903346
0.010322677
0.010322677
0.010322677
0.010322677
0.010322677
0.008258142
0.008258142
0.008258142
0.008258142
0.008258142
0.006606513
0.006606513
0.006606513
0.006606513
0.006606513
0.0052852104
0.0052852104
0.0052852104
0.0052852104
0.0052852104
0.004228168
0.004228168
0.004228168
0.004228168
0.004228168
0.0033825345
0.0033825345
0.0033825345
0.0033825345
0.0033825345
0.0027060276
0.0027060276
0.0027060276
0.0027060276
0.0027060276
0.002164822
0.002164822
0.002164822
0.002164822
0.002164822
0.0017318577
0.0017318577
0.0017318577
0.0017318577
0.0017318577
0.0013854861
0.0013854861
0.0013854861
0.0013854861
0.0013854861
0.0011083889
0.0013300667
0.0013300667
0.00159608
0.00159608
0.0019152961
0.0019152961
0.0022983553
0.0022983553
0.0027580264
0.0027580264
0.0033096317
0.0033096317
0.003971558
0.003971558
0.0047658696
0.0047658696
0.0057190433
0.0057190433
0.006862852
0.0054902816
0.006588338
0.006588338
0.007906006
0.007906006
0.009487207
0.009487207
0.011384648
0.011384648
0.013661578
0.013661578
0.016393894
0.016393894
0.016393894
0.016393894
0.013115115
0.013115115
0.013115115
0.013115115
0.013115115
0.013115115
0.013115115
0.013115115
0.013115115
0.013115115
0.015738139
0.015738139
0.018885767
0.018885767
0.018885767
0.018885767
0.02266292
0.02266292
0.02266292
0.02266292
0.018130336
0.018130336
0.018130336
0.018130336
0.021756403
0.017405123
0.017405123
0.017405123
0.017405123
0.017405123
0.013924098
0.013924098
0.013924098
0.013924098
0.016708918
0.016708918
0.016708918
0.016708918
0.0200507
0.0200507
0.01604056
0.01604056
0.01604056
0.01604056
0.019248672
0.015398937
0.018478725
0.018478725
0.02217447
0.02217447
0.026609365
0.026609365
0.026609365
0.026609365
0.026609365
0.021287492
0.021287492
0.021287492
0.021287492
0.021287492
0.017029993
0.017029993
0.020435993
0.020435993
0.020435993
0.020435993
0.024523191
0.024523191
0.02942783
0.02942783
0.023542264
0.023542264
0.028250717
0.028250717
0.03390086
0.027120689
0.027120689
0.027120689
0.027120689
0.027120689
0.032544825
0.032544825
0.03905379
0.03905379
0.03905379
0.031243032
0.031243032
0.031243032
0.031243032
0.031243032
0.024994425
0.024994425
0.024994425
0.024994425
0.024994425
0.024994425
0.024994425
0.024994425
0.024994425
0.024994425
0.02999331
0.02999331
0.02999331
0.02999331
0.035991974
0.035991974
0.043190368
0.043190368
0.043190368
0.043190368
0.034552295
0.034552295
0.034552295
0.034552295
0.041462753
0.041462753
0.041462753
0.041462753
0.049755305
0.049755305
0.039804243
0.039804243
0.039804243
0.039804243
0.039804243
0.031843394
0.031843394
0.031843394
0.031843394
0.031843394
0.025474716
0.025474716
0.025474716
0.025474716
0.03056966
0.024455728
0.029346874
0.029346874
0.029346874
0.029346874
0.023477498
0.023477498
0.028172998
0.028172998
0.033807598
0.033807598
0.033807598
0.033807598
0.04056912
0.04056912
0.032455295
0.032455295
0.032455295
0.032455295
0.038946353
0.038946353
0.038946353
0.038946353
0.038946353
0.038946353
0.031157082
0.031157082
0.031157082
0.031157082
0.0373885
0.0299108
0.03589296
0.03589296
0.03589296
0.03589296
0.028714368
0.028714368
0.028714368
0.028714368
0.028714368
0.022971494
0.022971494
0.022971494
0.022971494
0.022971494
0.018377196
0.018377196
0.018377196
0.018377196
0.018377196
0.014701757
0.014701757
0.014701757
0.014701757
0.014701757
0.0117614055
0.0117614055
0.0117614055
0.0117614055
0.014113687
0.01129095
0.01354914
0.01354914
0.01354914
0.01354914
0.016258968
0.016258968
0.016258968
0.016258968
0.01951076
0.01951076
0.023412913
0.023412913
0.028095495
0.028095495
0.033714592
0.033714592
0.04045751
0.04045751
0.04854901
0.03883921
0.04660705
0.04660705
0.05592846
0.05592846
0.04474277
0.04474277
0.053691324
0.053691324
0.06442959
0.06442959
0.07731551
0.07731551
0.09277861
0.09277861
0.11133433
0.11133433
0.1336012
0.1336012
0.16032144
0.12825716
0.12825716
0.12825716
0.15390858
0.15390858
0.123126864
0.123126864
0.14775224
0.14775224
0.14775224
0.14775224
0.14775224
0.14775224
0.17730269
0.17730269
0.14184216
0.14184216
0.17021058
0.17021058
0.17021058
0.17021058
0.17021058
0.17021058
0.2042527
0.2042527
0.16340217
0.16340217
0.16340217
0.16340217
0.16340217
0.13072173
0.13072173
0.13072173
0.13072173
0.13072173
0.104577385
0.104577385
0.104577385
0.104577385
0.12549286
0.100394286
0.100394286
0.100394286
0.12047315
0.12047315
0.09637852
0.09637852
0.09637852
0.09637852
0.11565422
0.11565422
0.11565422
0.11565422
0.11565422
0.11565422
0.13878506
0.13878506
0.13878506
0.13878506
0.13878506
0.11102805
0.11102805
0.11102805
0.11102805
0.11102805
0.08882244
0.08882244
0.08882244
0.08882244
0.106586926
0.106586926
0.12790431
0.12790431
0.15348518
0.15348518
0.122788146
0.122788146
0.122788146
0.122788146
0.122788146
0.09823052
0.11787662
0.11787662
0.11787662
0.11787662
0.14145194
0.14145194
0.14145194
0.14145194
0.16974233
0.13579386
0.13579386
0.13579386
0.13579386
0.13579386
0.10863509
0.10863509
0.13036211
0.13036211
0.15643454
0.12514763
0.12514763
0.12514763
0.12514763
0.12514763
0.15017715
0.15017715
0.18021259
0.18021259
0.2162551
0.2162551
0.2595061
0.2595061
0.2595061
0.2595061
0.20760489
0.20760489
0.20760489
0.20760489
0.20760489
0.1660839
0.1660839
0.1660839
0.1660839
0.1660839
0.13286713
0.13286713
0.13286713
0.13286713
0.13286713
0.1062937
0.1062937
0.1062937
0.12755243
0.12755243
0.15306292
0.15306292
0.15306292
0.15306292
0.15306292
0.15306292
0.15306292
0.15306292
0.18367551
0.18367551
0.14694041
0.14694041
0.14694041
0.14694041
0.1763285
0.1763285
0.1763285
0.1763285
0.1763285
0.1763285
0.1410628
0.1410628
0.1410628
0.1410628
0.1410628
0.112850234
0.112850234
0.112850234
0.112850234
0.112850234
0.13542028
0.13542028
0.16250433
0.16250433
0.16250433
0.13000347
0.13000347
0.13000347
0.15600416
0.15600416
0.12480333
0.12480333
0.14976399
0.14976399
0.17971678
0.14377342
0.14377342
0.14377342
0.14377342
