0.05
0.04
0.04
0.04
0.04
0.04
0.031999998
0.031999998
0.031999998
0.031999998
0.031999998
0.025599997
0.025599997
0.025599997
0.025599997
0.025599997
0.020479998
0.020479998
0.020479998
0.020479998
0.020479998
0.016383998
0.016383998
0.016383998
0.016383998
0.016383998
0.016383998
0.019660797
0.019660797
0.023592956
0.023592956
0.028311547
0.028311547
0.028311547
0.028311547
0.033973858
0.033973858
0.04076863
0.04076863
0.04076863
0.04076863
0.048922356
0.048922356
0.058706827
0.058706827
0.058706827
0.058706827
0.07044819
0.07044819
0.07044819
0.07044819
0.056358553
0.056358553
0.06763026
0.06763026
0.08115631
0.06492505
0.077910066
0.077910066
0.093492076
0.093492076
0.11219049
0.11219049
0.11219049
0.11219049
0.1346286
0.1346286
0.1615543
0.1615543
0.1615543
0.1615543
0.19386517
0.19386517
0.2326382
0.2326382
0.2326382
0.18611056
0.22333267
0.22333267
0.2679992
0.2679992
0.32159904
0.32159904
0.32159904
0.32159904
0.32159904
0.32159904
0.38591886
0.38591886
0.38591886
0.38591886
0.30873507
0.30873507
0.3704821
0.3704821
0.3704821
0.29638568
0.29638568
0.29638568
0.29638568
0.29638568
0.23710854
0.23710854
0.28453025
0.28453025
0.3414363
0.3414363
0.40972355
0.40972355
0.40972355
0.40972355
0.32777885
0.32777885
0.39333463
0.39333463
0.47200155
0.47200155
0.56640184
0.56640184
0.6796822
0.6796822
0.81561863
0.81561863
0.81561863
0.81561863
0.81561863
0.6524949
0.6524949
0.6524949
0.6524949
0.6524949
0.5219959
0.5219959
0.5219959
0.5219959
0.5219959
0.41759673
0.41759673
0.41759673
0.41759673
0.41759673
0.3340774
0.3340774
0.3340774
0.3340774
0.3340774
0.26726192
0.26726192
0.26726192
0.26726192
0.26726192
0.3207143
0.3207143
0.38485715
0.38485715
0.38485715
0.3078857
0.3078857
0.3078857
0.3078857
0.3078857
0.24630857
0.24630857
0.24630857
0.24630857
0.24630857
0.19704685
0.23645622
0.23645622
0.28374746
0.28374746
0.34049696
0.34049696
0.34049696
0.34049696
0.40859634
0.32687706
0.32687706
0.32687706
0.39225248
0.39225248
0.31380197
0.31380197
0.37656236
0.37656236
0.37656236
0.3012499
0.3012499
0.3012499
0.3012499
0.3012499
0.36149988
0.36149988
0.43379986
0.43379986
0.43379986
0.34703988
0.41644785
0.41644785
0.41644785
0.41644785
0.4997374
0.4997374
0.4997374
0.4997374
0.5996849
0.47974792
0.47974792
0.47974792
0.5756975
0.5756975
0.460558
0.460558
0.5526696
0.5526696
0.5526696
0.5526696
0.5526696
0.5526696
0.6632035
0.6632035
0.53056276
0.53056276
0.6366753
0.6366753
0.6366753
0.5093402
0.5093402
0.5093402
0.61120826
0.61120826
0.4889666
0.4889666
0.4889666
0.4889666
0.4889666
0.4889666
0.5867599
0.5867599
0.70411193
0.70411193
0.5632895
0.5632895
0.6759474
0.6759474
0.8111369
0.6489095
0.7786914
0.7786914
0.7786914
0.7786914
0.6229531
0.6229531
0.74754375
0.74754375
0.74754375
0.74754375
0.74754375
0.74754375
0.8970525
0.8970525
0.717642
0.717642
0.717642
0.717642
0.717642
0.717642
0.8611704
0.8611704
0.8611704
0.8611704
0.68893635
0.68893635
0.82672364
0.82672364
0.99206835
0.7936547
0.9523856
0.9523856
0.9523856
0.9523856
0.7619085
0.7619085
0.7619085
0.7619085
0.7619085
0.7619085
0.7619085
0.7619085
0.9142902
0.9142902
1.0971482
1.0971482
1.3165778
1.3165778
1.3165778
1.0532622
1.0532622
1.0532622
1.0532622
1.0532622
0.84260976
0.84260976
1.0111318
1.0111318
1.2133582
1.2133582
1.4560298
1.4560298
1.7472358
1.7472358
2.096683
2.096683
2.5160196
2.5160196
3.0192235
3.0192235
3.623068
3.623068
4.3476815
4.3476815
3.4781451
3.4781451
3.4781451
3.4781451
3.4781451
3.4781451
4.1737742
4.1737742
4.1737742
4.1737742
3.3390193
3.3390193
3.3390193
3.3390193
3.3390193
2.6712155
3.2054586
3.2054586
3.8465505
3.8465505
3.0772405
3.0772405
3.6926885
3.6926885
3.6926885
2.9541507
3.5449808
3.5449808
3.5449808
3.5449808
2.8359847
2.8359847
3.4031816
3.4031816
3.4031816
2.7225451
3.267054
3.267054
3.920465
3.920465
3.136372
3.136372
3.7636466
3.7636466
3.7636466
3.0109172
3.0109172
3.0109172
3.6131005
3.6131005
2.8904805
2.8904805
2.8904805
2.8904805
3.4685767
3.4685767
3.4685767
3.4685767
3.4685767
3.4685767
2.7748613
2.7748613
3.3298335
3.3298335
3.9958003
3.9958003
4.7949605
4.7949605
4.7949605
4.7949605
3.8359685
3.8359685
3.8359685
3.8359685
3.8359685
3.0687747
3.0687747
3.0687747
3.0687747
