0.001
0.0012
0.0012
0.00144
0.00144
0.001728
0.001728
0.001728
0.001728
0.0020736
0.0020736
0.00248832
0.00248832
0.002985984
0.002985984
0.003583181
0.003583181
0.004299817
0.004299817
0.004299817
0.004299817
0.0034398537
0.0034398537
0.004127824
0.004127824
0.004953389
0.004953389
0.0059440667
0.0059440667
0.00713288
0.00713288
0.0057063038
0.0057063038
0.0068475646
0.0068475646
0.0068475646
0.0054780515
0.0054780515
0.0054780515
0.0054780515
0.0054780515
0.0065736617
0.0065736617
0.007888394
0.007888394
0.007888394
0.007888394
0.0094660735
0.0094660735
0.0094660735
0.0094660735
0.0075728586
0.0075728586
0.0075728586
0.0075728586
0.00908743
0.00908743
0.00908743
0.00908743
0.010904917
0.010904917
0.008723933
0.008723933
0.008723933
0.008723933
0.008723933
0.008723933
0.008723933
0.008723933
0.0104687195
0.0104687195
0.012562463
0.012562463
0.012562463
0.012562463
0.012562463
0.010049971
0.010049971
0.010049971
0.012059965
0.012059965
0.009647972
0.009647972
0.009647972
0.009647972
0.009647972
0.009647972
0.011577566
0.011577566
0.011577566
0.011577566
0.013893079
0.013893079
0.016671695
0.016671695
0.016671695
0.013337356
0.013337356
0.013337356
0.016004827
0.016004827
0.012803862
0.012803862
0.015364634
0.015364634
0.01843756
0.0147500485
0.0147500485
0.0147500485
0.0147500485
0.0147500485
0.017700057
0.017700057
0.017700057
0.017700057
0.021240069
0.021240069
0.021240069
0.021240069
0.021240069
0.021240069
0.025488082
0.025488082
0.025488082
0.025488082
0.025488082
0.025488082
0.030585699
0.030585699
0.030585699
0.030585699
0.02446856
0.02446856
0.02446856
0.02446856
0.029362272
0.029362272
0.029362272
0.029362272
0.035234727
0.035234727
0.028187782
0.028187782
0.028187782
0.028187782
0.028187782
0.022550225
0.02706027
0.02706027
0.02706027
0.02706027
0.021648217
0.021648217
0.021648217
0.021648217
0.021648217
0.021648217
0.021648217
0.021648217
0.021648217
0.021648217
0.025977861
0.025977861
0.025977861
0.025977861
0.025977861
0.025977861
0.031173434
0.031173434
0.031173434
0.031173434
0.03740812
0.03740812
0.03740812
0.03740812
0.03740812
0.029926497
0.0359118
0.0359118
0.0359118
0.0359118
0.04309416
0.04309416
0.04309416
0.04309416
0.04309416
0.034475327
0.034475327
0.034475327
0.034475327
0.034475327
0.027580261
0.027580261
0.027580261
0.027580261
0.027580261
0.022064209
0.02647705
0.02647705
0.02647705
0.02647705
0.02118164
0.02118164
0.02118164
0.02118164
0.025417967
0.020334374
0.020334374
0.020334374
0.02440125
0.02440125
0.019521
0.019521
0.019521
0.019521
0.0234252
0.0234252
0.0234252
0.0234252
0.02811024
0.02811024
0.022488192
0.022488192
0.022488192
0.022488192
0.022488192
0.022488192
0.02698583
0.02698583
0.02698583
0.02698583
0.021588665
0.021588665
0.021588665
0.021588665
0.021588665
0.017270932
0.017270932
0.017270932
0.017270932
0.017270932
0.020725118
0.020725118
0.020725118
0.020725118
0.024870142
0.024870142
0.02984417
0.02984417
0.035813004
0.035813004
0.028650403
0.028650403
0.028650403
0.028650403
0.028650403
0.022920322
0.022920322
0.022920322
0.022920322
0.022920322
0.018336257
0.018336257
0.018336257
0.018336257
0.018336257
0.014669006
0.017602807
0.017602807
0.021123368
0.021123368
0.016898695
0.016898695
0.016898695
0.016898695
0.016898695
0.0135189565
0.0135189565
0.0135189565
0.016222747
0.016222747
0.019467296
0.019467296
0.023360755
0.023360755
0.023360755
0.018688604
0.018688604
0.018688604
0.018688604
0.018688604
0.022426326
0.022426326
0.022426326
0.022426326
0.02691159
0.02691159
0.02691159
0.02691159
0.02691159
0.02691159
0.021529272
0.021529272
0.021529272
0.021529272
0.021529272
0.021529272
0.021529272
0.021529272
0.021529272
0.021529272
0.025835127
0.025835127
0.025835127
0.025835127
0.025835127
0.0206681
0.0206681
0.0206681
0.02480172
0.02480172
0.019841377
0.019841377
0.019841377
0.019841377
0.019841377
0.0158731
0.0158731
0.0158731
0.0158731
0.0158731
0.01904772
0.01904772
0.022857264
0.022857264
0.022857264
0.018285811
0.018285811
0.018285811
0.018285811
0.018285811
0.014628649
0.014628649
0.017554378
0.017554378
0.021065254
0.016852204
0.020222645
0.020222645
0.020222645
0.020222645
0.016178116
0.016178116
0.01941374
0.01941374
0.023296487
0.01863719
0.01863719
0.01863719
0.01863719
0.01863719
0.022364628
0.022364628
0.026837554
0.026837554
0.032205064
0.032205064
0.038646076
0.038646076
0.038646076
0.038646076
0.03091686
0.03091686
0.03091686
0.03091686
0.037100233
0.029680187
0.029680187
0.029680187
0.029680187
0.029680187
0.035616223
0.035616223
0.035616223
0.035616223
0.035616223
0.028492978
0.028492978
0.028492978
0.028492978
0.028492978
0.022794383
0.022794383
0.022794383
0.022794383
0.022794383
0.018235506
0.021882609
0.021882609
0.021882609
