0.05
0.060000002
0.060000002
0.060000002
0.060000002
0.060000002
0.048
0.048
0.048
0.048
0.048
0.0384
0.0384
0.0384
0.0384
0.0384
0.030720001
0.030720001
0.030720001
0.030720001
0.030720001
0.024576
0.024576
0.024576
0.024576
0.024576
0.0196608
0.0196608
0.0196608
0.0196608
0.0196608
0.015728641
0.015728641
0.015728641
0.015728641
0.015728641
0.012582913
0.012582913
0.012582913
0.012582913
0.012582913
0.01006633
0.01006633
0.01006633
0.01006633
0.01006633
0.008053064
0.008053064
0.008053064
0.008053064
0.008053064
0.0064424514
0.0064424514
0.0064424514
0.0064424514
0.0064424514
0.005153961
0.005153961
0.005153961
0.005153961
0.005153961
0.004123169
0.004123169
0.004123169
0.004123169
0.004123169
0.0032985352
0.0032985352
0.0032985352
0.0032985352
0.0032985352
0.0026388282
0.0026388282
0.0026388282
0.0026388282
0.0026388282
0.0021110626
0.0021110626
0.0021110626
0.0021110626
0.0021110626
0.0016888501
0.0016888501
0.0016888501
0.0016888501
0.0016888501
0.0013510801
0.0013510801
0.0013510801
0.0013510801
0.0013510801
0.0010808641
0.0010808641
0.0010808641
0.0010808641
0.0010808641
0.0008646913
0.0008646913
0.0008646913
0.0008646913
0.0008646913
0.0010376296
0.0010376296
0.0012451555
0.0012451555
0.0014941866
0.0011953493
0.0011953493
0.0011953493
0.0014344191
0.0014344191
0.0017213029
0.0017213029
0.0017213029
0.0017213029
0.0017213029
0.0017213029
0.0020655633
0.0020655633
0.002478676
0.002478676
0.002974411
0.002974411
0.002974411
0.002974411
0.0035692933
0.0028554345
0.0028554345
0.0028554345
0.0034265216
0.0034265216
0.004111826
0.004111826
0.0049341912
0.0049341912
0.0049341912
0.003947353
0.0047368235
0.0047368235
0.0047368235
0.0047368235
0.003789459
0.003789459
0.003789459
0.003789459
0.003789459
0.003789459
0.0045473506
0.0045473506
0.0045473506
0.0045473506
0.0054568206
0.0054568206
0.0054568206
0.0054568206
0.0054568206
0.0054568206
0.006548185
0.006548185
0.007857822
0.007857822
0.0062862574
0.0062862574
0.0062862574
0.0062862574
0.0062862574
0.005029006
0.005029006
0.005029006
0.005029006
0.005029006
0.0060348073
0.0060348073
0.0060348073
0.0060348073
0.0060348073
0.0060348073
0.0060348073
0.0060348073
0.0060348073
0.0060348073
0.0072417688
0.0072417688
0.0086901225
0.0086901225
0.0086901225
0.006952098
0.006952098
0.006952098
0.006952098
0.006952098
0.0055616787
0.0055616787
0.0055616787
0.0055616787
0.0066740145
0.0066740145
0.0066740145
0.0066740145
0.0066740145
0.0066740145
0.008008817
0.008008817
0.008008817
0.008008817
0.008008817
0.0064070537
0.0064070537
0.0064070537
0.0076884646
0.0076884646
0.006150772
0.006150772
0.007380926
0.007380926
0.007380926
0.0059047407
0.0059047407
0.0059047407
0.0059047407
0.0059047407
0.007085689
0.007085689
0.007085689
0.007085689
0.008502827
0.006802262
0.008162715
0.008162715
0.008162715
0.008162715
0.009795258
0.009795258
0.009795258
0.009795258
0.009795258
0.007836206
0.007836206
0.007836206
0.007836206
0.007836206
0.009403447
0.009403447
0.009403447
0.009403447
0.009403447
0.007522757
0.009027309
0.009027309
0.009027309
0.009027309
0.007221847
0.007221847
0.008666216
0.008666216
0.01039946
0.008319568
0.008319568
0.008319568
0.008319568
0.008319568
0.0066556544
0.0066556544
0.0066556544
0.0066556544
0.0066556544
0.0066556544
0.0066556544
0.0066556544
0.0066556544
0.0066556544
0.0053245234
0.0053245234
0.0053245234
0.0053245234
0.0053245234
0.0053245234
0.006389428
0.006389428
0.0076673133
0.0076673133
0.009200776
0.009200776
0.011040932
0.011040932
0.011040932
0.008832745
0.008832745
0.008832745
0.010599295
0.010599295
0.008479436
0.008479436
0.010175323
0.010175323
0.012210388
0.00976831
0.00976831
0.00976831
0.00976831
0.00976831
0.007814648
0.007814648
0.009377577
0.009377577
0.011253092
0.011253092
0.011253092
0.011253092
0.013503711
0.013503711
0.016204452
0.016204452
0.019445343
0.019445343
0.019445343
0.019445343
0.023334412
0.023334412
0.028001294
0.028001294
0.022401035
0.022401035
0.022401035
0.022401035
0.026881242
0.026881242
0.03225749
0.03225749
0.03225749
0.03225749
0.03870899
0.03870899
0.03870899
0.03870899
0.03870899
0.03096719
0.03096719
0.03096719
0.03096719
0.03096719
0.024773752
0.024773752
0.024773752
0.024773752
0.024773752
0.019819003
0.019819003
0.019819003
0.023782803
0.023782803
0.019026242
0.019026242
0.02283149
0.02283149
0.027397789
0.021918232
0.021918232
0.021918232
0.021918232
0.021918232
0.026301878
0.026301878
0.026301878
0.026301878
0.026301878
0.026301878
0.026301878
0.026301878
0.026301878
0.026301878
0.021041501
0.021041501
0.021041501
0.021041501
0.025249802
0.025249802
0.030299762
0.030299762
0.030299762
0.030299762
0.02423981
0.02423981
0.02423981
0.02423981
0.029087773
0.029087773
0.034905326
0.034905326
0.034905326
0.034905326
0.04188639
0.04188639
0.04188639
0.04188639
0.04188639
0.033509113
0.040210936
0.040210936
0.040210936
