10.752541
7.5841327
6.386896
10.752541
7.5841327
6.386896
5.578629
10.752541
10.074608
5.79797
10.382935
4.6474957
14.498628
10.846716
10.586014
9.746575
9.180862
8.732261
14.864779
11.244225
11.182812
10.014203
9.9469795
9.578373
9.527701
9.251972
9.100264
8.7660475
1.852194
0.6626504
0.38413092
0.27739784
0.2245629
1.852194
0.66265035
0.3841325
0.27725056
0.21847433
0.27436975
0.17633882
0.13988665
0.13298385
15.355359
14.449639
1.852194
0.6626504
0.3841309
0.2773978
0.22456288
0.17990254
0.16578488
0.13987084
12.521422
8.101046
6.362896
5.106001
5.3714066
3.9434454
3.1933522
3.250204
3.4559467
2.8113983
3.2238662
2.3447073
2.3543653
3.4649212
2.0446308
1.5881238
1.5811057
1.251358
1.1383601
0.970365
1.0693127
0.940316
0.76524377
1.1834385
0.7632904
0.64020425
1.0598054
0.5090113
0.49465248
0.4628512
0.36128122
0.25192112
0.26518008
0.25273633
0.3172428
0.31468135
0.41774365
0.6828524
0.63071924
0.49258733
0.71185404
0.45064813
0.95885897
0.62454885
0.55646735
0.4093319
0.36840454
0.36459467
0.32093897
0.8593191
0.5708162
0.6332977
0.44647834
1.5156697
0.8146034
0.70383894
0.51524884
0.47334397
3.763417
1.3675613
0.86263275
0.7437034
0.7980406
0.64349556
0.596119
0.5560107
0.5967945
0.47900796
1.0099707
0.47598732
3.4113572
2.2784312
1.9709661
1.3406845
1.2102534
1.2355155
1.0375206
0.9170975
0.9968714
0.93621594
0.8918719
0.92233807
0.7899871
1.0561315
0.9328253
0.9033586
0.8997583
0.7169252
0.8603044
0.7496486
0.78925496
0.7422996
0.8105865
0.7090617
0.7193178
0.60513777
0.7727988
0.73779064
0.83497524
0.96063626
0.6470208
0.6541286
0.7391448
0.6983866
5.3762593
5.2700973
4.86554
4.3563576
3.9448354
3.775927
3.6949158
3.514715
3.4320705
3.3563676
3.178537
3.2556896
3.1691697
3.2801106
3.0925357
3.0143065
3.2264209
3.1398137
3.100175
3.2434084
3.080834
3.1508584
3.2069921
3.1341512
3.17187
3.090679
3.2088628
3.0616846
3.0926425
3.0764804
3.039923
3.0015533
2.9849281
2.9413238
3.0098398
2.9590783
3.0735314
2.9453194
3.0778294
3.0622642
3.0564995
3.1199453
3.0705192
3.371056
2.9332833
3.1002219
2.97115
2.966585
3.1217134
3.2733479
3.149694
3.080142
3.169801
3.1051004
2.9235008
3.1716573
3.126696
2.969478
3.0010216
3.0298417
3.0766091
3.0505846
3.037964
3.1393955
3.047866
3.2181852
3.200422
3.1080856
2.8786423
3.0459924
2.990319
3.108257
3.128559
3.0225646
3.0887256
3.1096494
3.0550654
2.98564
3.0546057
3.053042
3.0307796
2.9461339
2.961862
3.085375
2.9841845
3.1134033
2.9040935
3.4530845
2.9735322
3.0469503
3.1374595
2.92318
3.090087
3.1142745
3.181919
3.028698
