0.017075852
0.02180627
0.03079896
0.04229597
0.052285958
0.10263298
0.33875698
0.20925395
0.15295197
0.12082351
0.15069896
0.12785603
0.13736616
0.22059004
0.17788254
0.2597745
0.19936043
0.7429911
0.5232053
0.30034953
0.31635457
0.5295272
0.38712856
0.434883
0.29436836
0.29201812
0.2889682
0.31786352
0.33133855
0.42081034
0.56578416
0.42637336
0.44474176
0.37061837
0.5584174
1.2475579
0.8074361
0.63632894
0.79201174
0.5819332
0.39720872
0.43974814
0.4462694
0.7970516
0.64579016
0.5781962
0.49555448
0.5607993
0.6275666
0.6671425
0.4687578
0.8037326
0.7514095
0.7827777
0.51923686
0.4232042
0.61153996
0.5384109
0.4867621
1.2158841
0.63725734
0.48409963
1.0019641
0.7640684
0.5208568
0.4293746
0.56757826
0.5025218
0.51254845
0.44038993
0.39324117
0.45753148
1.2421935
0.6101554
0.594244
0.4789133
0.6029006
0.50611174
0.49521142
0.51999515
0.7286135
0.65535504
0.5454439
0.580252
0.4452015
0.40797877
0.36178908
0.4383297
0.55214816
0.55771863
0.5494521
0.6532228
0.4846339
0.42393348
0.58232135
0.5774003
0.45694372
0.590694
0.49257267
0.45023856
0.6178372
0.5189179
0.37442607
0.55442035
0.4774359
0.6979898
0.54618204
1.0163407
0.70050025
0.45734015
0.42618406
0.9327519
0.6316139
0.59755105
0.47408137
0.5698841
0.481309
0.5949857
0.6181941
0.63843966
0.67757887
0.6223223
0.8692107
1.1385231
0.8080204
0.55817276
0.5815399
0.8787734
0.87796384
0.7099448
0.7513231
0.9931624
0.7575553
0.64978886
0.5492206
0.5610513
0.7769937
0.6805867
0.58388466
0.9705467
0.7300607
0.70821035
0.70337325
0.67373973
0.80653995
0.60923165
0.56722605
0.7006751
0.7341462
0.6182572
0.54045975
0.59900177
0.6579538
0.6556857
0.70726544
0.6236664
0.5576997
0.5389212
0.7260634
0.60051
0.46842122
0.5908292
0.9778236
0.7661343
0.61527234
0.6047415
0.5037762
0.5307645
0.6222956
0.9221125
0.6157983
0.55492055
0.90062904
0.75415355
0.99686366
0.819545
0.6107585
0.69443065
0.95472145
0.6146456
0.55424875
0.78415054
1.0198121
0.61532104
1.3504086
1.038801
0.74333835
0.7203208
0.65055895
0.6193657
0.7257496
0.5832867
0.8309695
0.5650659
0.5899017
0.58055013
0.61246145
0.5076333
0.59220845
0.5979559
1.1631455
0.7706603
0.62347156
0.5085827
0.51359755
0.7727195
0.58812135
0.72585005
0.53082347
0.5100723
0.5062585
0.46457252
0.5863186
0.50779325
0.46379188
0.45647952
0.48439986
0.53379935
0.46731386
0.46741086
0.71939063
0.8448827
0.5750474
0.82434624
0.74844104
0.51562554
0.58324766
0.5613467
0.5520047
0.5592884
1.1988177
0.70144755
0.7279795
0.5795141
1.1980531
0.71519613
0.54473394
0.55012685
0.5280007
0.5643186
0.49256292
0.695211
0.51032853
0.72905254
0.43493274
0.5527435
0.4794719
0.48358467
0.5284167
0.58317596
0.78794754
0.7431981
0.61852866
0.54820806
0.50303006
0.6189866
0.5009749
1.3764938
0.7838046
0.6813334
0.6991579
0.48988616
0.48787522
0.5432144
0.41640407
0.5063635
0.4144043
0.46021387
0.42699936
0.40599203
0.5773858
0.48833764
0.4045674
0.40860796
0.9123392
0.5626959
0.45626572
0.46828598
0.40647358
0.4436762
0.42458862
0.75945526
0.572494
0.41889262
0.8926903
0.56195307
0.5487681
0.58540815
0.50938016
0.5134982
0.4554874
0.43023923
0.40735164
0.45369184
0.43074223
0.43632102
0.45189324
0.47078773
0.522542
0.5457814
1.7508509
0.9386566
0.66190827
0.57160795
0.5165915
0.58397484
0.53545964
0.4619726
0.52284896
0.5160066
0.40303886
0.5178809
0.44377425
0.6157078
0.5147052
0.59575355
0.7959718
0.76566744
0.47044027
0.49082145
0.49025166
0.5659925
0.41653115
0.4387655
0.46190032
0.60946715
0.89312905
0.6680473
0.55489564
0.3779309
0.37190863
0.4389713
0.4420468
0.40734115
1.0398793
0.6644628
0.47486952
0.48642972
0.5499966
0.5387083
0.5298531
0.4064635
0.36095715
0.40585765
0.3565998
0.49932072
0.35477003
0.38097867
0.4361633
0.42244178
0.64483386
0.46030897
0.44763374
0.4580065
0.39000192
0.5390203
0.49161637
0.3811892
0.41408935
0.5692096
0.39022443
0.41184863
0.39670184
0.4684522
0.4346079
0.4168498
0.45028248
0.67931974
0.55593127
0.61311406
0.527156
1.1336037
0.70386606
0.5638347
0.49889818
0.4862971
0.59403574
0.84883094
0.5693832
0.6276946
0.5344166
0.56297195
0.59962904
1.3934324
0.8915863
0.6811324
0.7928306
0.54738694
0.5024419
0.5764531
0.53736746
0.55984056
0.51386744
0.45164892
0.44536874
0.592909
0.460462
0.4421373
0.5155606
0.43844208
