954.32916
589.13763
390.3646
269.02493
194.83553
152.31168
133.76228
116.93416
101.596054
88.38092
77.972115
72.9456
71.128654
67.59416
61.822075
56.22239
56.94619
53.980732
51.149426
49.725277
48.109398
47.627544
47.909622
46.536945
43.796246
41.193836
39.466927
37.556602
35.460224
33.051712
31.800114
32.067543
36.414894
35.01105
34.4034
30.000221
27.022522
27.99467
31.23824
30.934385
27.49699
23.736214
20.765484
18.09505
22.432758
38.391624
30.337858
22.541918
19.409145
19.374516
29.885494
38.933025
33.555264
24.509207
18.664106
14.458337
13.502849
11.771603
10.896782
9.608643
9.859875
9.013202
14.424603
13.423883
10.649863
9.221653
7.3791866
6.971042
7.087289
6.4351716
5.8289194
5.724423
5.887925
7.405065
7.573918
5.844455
6.208838
5.9474454
5.174513
4.203775
3.5000045
4.99753
23.777758
22.758204
13.211749
8.767234
6.6136127
5.568408
5.275696
4.3708954
3.6628294
4.708565
3.813671
2.7148988
13.986777
11.909263
6.3656864
5.196048
3.7743511
3.0320404
2.6750128
2.5283053
2.2314928
2.1350772
2.0549707
1.8893131
1.7512549
1.616719
1.7132298
4.812195
2.7753778
2.2340019
1.8327324
1.6042219
1.4205234
1.2541496
2.0931368
1.6465931
1.40635
1.5021595
1.8700129
1.8745443
41.601707
36.985928
20.516064
12.716865
8.712455
6.1732144
4.755087
3.8717155
3.339538
2.8811972
2.537681
2.3764758
2.233721
1.8753965
1.7916071
1.7917482
1.6863331
1.4967649
1.3814044
1.5068834
1.4534425
1.3794664
1.3094065
1.2837124
1.2804904
1.247614
1.2428536
1.2007065
1.1681145
1.0320605
1.0163847
0.9614144
0.99139005
1.0550442
1.124571
1.1295214
1.0690634
1.0347191
0.99063087
1.0422655
1.0466455
1.0316681
1.0387311
1.0308403
1.0294282
0.9383084
0.92825216
0.9435955
0.9398075
0.89862734
0.93026954
0.9361467
1.0093977
0.89653885
0.9404137
0.9677568
0.9001902
0.73922867
0.72610897
0.8290555
0.89769554
0.839829
0.9955393
1.0164447
1.0363301
0.8991345
0.8129546
0.77476513
0.7692448
0.7139236
0.91143304
0.83450776
2.5607293
3.3002715
2.1870573
1.3005449
1.0239971
0.9155882
0.82722825
0.6692998
0.7678037
0.815539
0.7502787
0.67715174
0.72674674
0.71163774
0.64224607
0.6209899
0.6316254
0.7709724
0.79466605
0.8521794
2.6115754
1.4523709
1.1065459
0.8976446
0.75932914
0.61972404
0.64795923
4.141602
2.4673417
1.3003463
0.80102015
0.6335848
0.7125756
0.6535914
0.60385114
0.579015
1.7326336
1.432761
0.9275072
0.80671304
0.66889757
0.5753788
0.5300893
0.5067265
0.46646494
0.42684048
0.479063
0.64154464
0.59571445
0.47454247
0.45462003
0.5069453
2.1552763
1.5517895
0.9033816
0.7132876
0.6017961
0.6086661
0.53772104
0.60638994
0.4871922
0.8753717
34.973106
34.377968
24.162806
17.865088
14.547953
13.093725
10.4637
8.826572
7.6677375
6.724139
5.993845
5.217355
4.6644354
4.0601816
3.6733181
3.363362
3.1943407
2.932451
2.5173059
2.222321
1.9815916
1.8215255
1.706949
1.527215
1.3526956
1.3823729
1.2940779
1.2491143
1.1903046
1.0896219
2.0738437
1.3822075
0.9643396
0.8093538
0.7623831
0.65490025
0.6094516
0.60766953
1.5728546
1.523782
0.9946096
0.6059751
0.58185947
0.5485915
0.49312344
0.44188458
0.39014354
0.3498993
0.32222944
0.2985627
0.28132033
0.26455894
0.25206885
0.23885253
0.22867686
0.21719585
0.2081288
0.19727135
0.18888739
0.17893139
0.17114562
0.1616081
0.15355837
0.1440169
0.13676624
0.13316754
0.1290407
0.12501515
0.12105302
0.11748187
0.113756515
0.108853385
0.10478789
0.10079412
0.09753933
0.09679227
0.094684914
0.093054846
0.091146305
0.08925162
0.08975937
0.08693991
0.085306935
0.082287915
0.080490366
0.08036467
0.07945577
0.076867685
0.075351335
0.07403838
0.075052
0.07270727
0.071357325
0.070147365
0.06945838
0.07049774
0.07040092
0.06848275
0.06760909
0.067005716
0.06771112
0.06595409
0.06520739
0.06303084
0.062437564
0.06353985
0.063149706
0.06092674
0.06017345
0.059728358
0.061052833
0.060917854
0.06045411
0.05851769
0.05797347
0.059124224
0.05895705
0.058939632
0.05871168
0.057667274
0.057075027
0.057076108
0.056732822
0.056496184
0.056350384
0.05809066
0.05813564
0.05628426
0.056085423
0.054650653
0.053913597
0.0521898
0.051628
0.051290393
0.051305573
0.052845996
0.052968748
0.05367284
0.052619576
0.05142229
0.053868677
0.053149547
0.05325464
0.053617846
