1860.6609
1850.0826
1840.9812
1826.2124
1799.4543
1762.4869
1719.555
1671.7476
1619.864
1568.3983
1527.1875
1482.6147
1433.2397
1382.7853
1325.3723
1266.5388
1205.3936
1142.6986
1081.7285
1020.3719
1019.64294
1093.8185
1095.5317
1054.5925
1007.8777
956.6315
907.3458
857.314
810.40247
762.66144
718.2727
671.66174
632.6858
590.2187
551.68915
515.53125
503.76666
469.04575
432.86798
416.95853
472.01212
492.12018
470.7311
437.17715
406.03412
371.5504
353.64993
334.41193
312.8474
294.4552
276.17368
250.67421
229.03961
210.39928
207.11153
193.15735
192.61755
275.3481
276.07825
249.9868
226.49236
213.5739
204.04022
189.0097
176.50357
163.27954
155.07048
145.83464
140.90616
133.9393
132.43422
129.15471
130.89285
133.79716
130.22925
123.31782
118.36139
114.81877
110.92532
105.29877
100.200455
95.842476
95.22414
93.17221
94.60202
94.3896
90.95621
88.10949
85.334366
82.54529
79.83501
76.499626
76.11199
194.4356
355.58966
375.59872
365.26407
344.96738
325.07492
308.7532
294.56976
284.54532
276.5694
268.74417
260.9282
253.48573
248.17543
244.07666
239.93677
236.04268
231.47835
229.91496
227.91472
225.33034
223.01666
219.95493
218.4232
217.17612
215.30621
214.19507
213.08405
212.24174
211.91821
211.37984
210.08255
210.22334
209.78992
209.16504
208.7857
207.93521
208.4932
210.38744
210.89836
210.99814
210.94476
210.99277
211.33684
212.15785
212.40608
212.80011
212.91197
213.2917
213.65346
214.27808
214.7762
215.27042
216.10988
217.1194
217.24701
217.40593
216.75877
216.13599
215.20644
213.71764
211.61235
209.82878
208.00046
205.51476
202.10684
198.50005
195.50778
191.44664
187.72789
182.90778
178.73648
173.68607
170.41765
166.10606
162.32097
157.5342
155.76048
152.85956
148.57784
143.19623
137.41591
130.06116
125.12088
121.009865
117.24386
111.111984
108.346275
105.06261
105.25556
103.376656
100.42018
98.84943
97.28258
95.83053
95.66857
93.10643
90.83194
89.01185
85.457436
82.0261
83.00487
81.74912
79.76704
76.16322
71.10186
71.062256
69.708305
68.114716
70.37934
70.799126
66.70306
62.38377
61.746754
61.75452
62.67975
61.289272
58.525208
59.47977
59.302387
64.98221
65.368904
61.97429
60.103558
57.757782
57.186962
54.640545
52.97857
57.226788
58.581455
55.377834
53.263012
50.674103
49.981483
49.709133
51.950123
51.490612
48.31103
45.52966
44.80537
46.150707
54.44193
57.866295
56.21858
55.407925
53.155922
52.640438
49.774315
48.049057
46.78852
43.805687
43.262844
42.8247
42.562447
40.841003
39.974564
37.503498
37.16545
49.095657
48.357304
43.943745
39.98914
36.193733
38.57604
38.970524
37.59954
36.863728
35.456573
33.44337
32.832706
33.010777
31.71377
30.656914
34.78948
34.699997
32.536163
30.219381
30.517448
36.773327
39.48909
35.1107
33.889004
34.855682
32.949093
31.106297
31.639782
32.43899
30.661278
29.199865
28.224401
29.111155
28.974224
28.099447
29.096579
27.078493
26.175392
27.80534
29.4524
30.24432
28.682745
26.337328
25.101065
24.149273
23.448032
25.3574
26.7303
22.993557
21.569538
23.301216
25.697664
25.742052
28.669216
31.462822
31.667782
29.847277
26.99973
24.615137
22.832455
23.775259
23.3701
23.361969
23.742718
24.193897
25.34561
24.923246
23.452219
22.902828
24.719908
25.83133
27.098223
25.320898
23.57867
21.94598
20.86163
20.557566
20.664799
21.021734
20.928583
21.324593
24.258701
26.409395
24.353613
21.928381
20.4783
20.513517
20.749783
20.77384
25.094463
25.6567
23.857138
22.882324
21.981178
20.486689
22.0307
60.18787
183.93567
155.39009
119.44925
99.55163
86.724754
77.25419
69.93568
64.29303
60.79181
58.15107
56.03904
53.145267
50.014282
48.413258
46.8801
47.023594
45.6216
44.82561
44.34922
43.9887
44.576206
44.104877
43.422173
43.8847
44.845493
43.594574
42.79304
41.26088
40.65449
40.165516
39.900684
40.71972
39.901627
38.28479
37.23191
36.828373
35.723637
33.971428
32.748226
32.443153
33.233604
30.616158
30.497326
30.282286
27.886986
25.732832
24.140575
23.41985
25.19163
22.60462
21.346485
19.024456
19.653553
19.46426
19.060616
18.548954
18.05428
17.4693
16.966022
16.407394
15.909196
15.404431
14.901735
14.372357
13.881785
13.425042
12.965676
12.539989
12.216346
11.985751
11.811779
11.544276
11.199558
11.065397
10.9384165
10.727198
10.485612
10.352344
10.284578
10.164164
9.971638
9.68402
9.532573
9.6271715
9.58912
9.390651
9.190589
9.052499
8.96005
8.819062
8.654831
8.471058
8.330322
8.346855
8.235096
8.189489
8.086052
8.052361
8.103161
8.08821
8.043039
8.040441
7.994754
8.129843
8.316866
8.301207
8.331937
8.185399
8.1802025
8.186533
8.1737385
8.093276
8.0091095
8.024875
8.048229
8.0763035
8.072062
8.01391
7.942072
7.8824487
8.847637
10.271412
10.272238
9.83405
9.442025
9.171468
8.951271
8.823692
8.733792
8.674134
8.613489
8.586701
8.502205
8.501237
8.521591
8.51262
8.464095
8.367693
8.27865
8.195638
8.102126
7.922894
7.7603207
7.783251
7.752139
7.745978
7.716368
7.7522917
7.7634993
7.7527122
7.6629734
7.5731044
7.5694947
7.4769955
7.412478
7.3359604
7.2504044
7.155394
7.19309
7.166115
7.1389503
7.1687484
7.118978
7.21802
7.2332063
7.1560225
7.135001
7.020763
6.971622
6.9745555
6.983244
6.9870844
7.0076714
6.917113
6.804316
6.697138
6.566737
6.46784
6.3785377
6.224786
6.1673393
6.0889606
5.996292
6.0642405
5.9975643
5.9988804
5.982794
5.983595
6.011638
6.0293784
5.9995675
5.941826
5.966269
6.037841
6.0801997
6.0953145
6.1527767
6.1735578
6.247098
6.3154125
6.3362923
6.2847695
6.276308
6.2409244
6.162816
6.114666
6.0867743
6.099526
6.075072
6.03626
6.062959
5.952331
5.882337
5.9208574
5.9633536
5.9530425
5.950943
5.921572
5.864979
5.800279
5.781802
5.7609835
5.764286
5.7689962
5.817603
5.8286304
5.7970757
5.8122196
5.850954
5.889319
5.966482
5.9921246
6.004055
6.0018325
5.901438
5.83482
5.7610097
5.7702646
5.8482714
5.8938837
5.8488264
5.7558475
5.7288513
5.7766356
5.825803
5.77467
5.732846
5.6312895
5.6548486
5.6398864
5.64443
5.622483
