1781.0881
1178.757
792.952
563.4741
450.34714
364.5287
305.16592
275.05243
240.38219
211.1573
190.43494
173.9549
160.60284
149.70302
162.94057
185.18228
180.48941
168.62634
157.95374
148.81705
140.21216
133.5788
128.44307
122.89172
117.80756
114.302864
111.43131
108.92962
106.33473
104.388275
102.36221
101.00497
99.251434
97.828186
96.83847
97.56482
98.71037
98.65753
96.723434
96.36577
94.91351
94.03654
93.84788
92.9143
92.26612
91.18692
91.90829
92.77329
92.74626
92.49645
92.47432
93.19918
93.13257
92.6829
92.109886
92.62814
93.775154
93.80738
94.24677
94.68317
94.882996
94.957596
95.48339
95.341896
95.64863
95.66617
96.712875
98.15474
99.231094
99.75921
100.500206
102.809425
104.31922
105.060524
104.97967
105.23236
106.708405
108.75323
109.63748
109.618706
109.62541
110.37928
111.21724
111.79532
112.57748
112.73707
113.54165
114.64656
115.03156
115.739944
116.34531
117.540665
119.37576
120.33194
121.16523
121.893936
122.3305
123.54834
124.563866
125.213165
125.88686
126.16296
126.60023
126.71952
126.55067
126.36103
127.117935
127.50428
128.14049
127.90163
127.50589
126.92841
126.21221
125.62737
125.5921
124.640976
124.44372
123.54569
122.419785
120.69713
119.52023
117.439476
115.35869
113.47121
111.887375
110.49251
110.97043
111.03967
110.439026
109.06225
108.51987
107.02255
105.35434
102.19579
101.10486
100.8289
99.796425
97.90554
96.65144
96.64484
95.60742
96.200386
95.910324
95.293655
95.69387
95.14166
95.20372
93.13199
92.70769
93.39952
94.64843
92.3781
89.572395
87.26701
88.07394
89.1595
89.0948
84.85142
81.802414
81.41784
84.686455
87.3323
88.03641
86.718216
84.26492
83.621765
82.557556
82.48123
81.49255
79.22923
77.98998
78.17184
79.00721
77.714264
76.66172
75.0045
73.86878
74.590454
73.74279
71.53754
71.01348
69.04838
65.649216
64.32437
66.36814
64.60504
68.887276
69.46685
74.25467
79.49012
80.33449
78.92683
77.35205
75.00131
72.37848
69.24186
68.394615
67.07361
66.041084
65.380974
63.76798
63.02756
61.638706
62.683556
74.549576
96.60626
99.612724
97.74183
90.60514
82.47313
76.09759
74.75678
73.90035
70.79321
69.471016
66.57106
65.767944
64.84757
63.121944
61.7525
60.63104
60.992287
59.844124
58.240856
55.837837
53.941116
59.04362
59.998917
63.924088
63.636658
61.225792
59.053947
58.22004
55.772602
53.37881
50.34308
49.731285
49.874767
51.524887
53.687435
52.61189
49.953655
49.442093
50.314972
53.333023
51.297634
48.86364
50.57984
51.71722
50.050117
51.97464
51.152004
49.29868
47.01273
45.508575
44.35263
44.986736
47.793365
48.374523
48.70728
56.101215
59.27845
62.35049
60.649834
57.650047
54.670143
52.251507
53.308037
53.802494
52.83084
51.97527
51.403526
51.561382
51.160698
50.65321
50.66982
52.467514
52.44264
49.672123
47.45238
47.43502
46.51944
46.719
44.61984
44.88265
47.85655
48.313396
46.396675
47.765972
45.254837
42.56389
45.222588
47.338852
44.305458
42.45778
41.89218
40.74968
40.999397
40.74655
40.041595
40.605152
40.260693
39.759354
39.270184
38.73346
38.136414
37.554955
36.9418
36.44912
35.78187
35.14216
34.44827
33.755497
32.94934
32.236675
31.548279
30.997297
30.191795
29.51728
28.683626
27.945845
27.453058
27.017607
26.7866
26.41803
25.952265
25.3461
24.828823
24.229017
23.836184
23.560465
23.096054
22.503714
21.94259
21.497375
21.167421
21.039873
20.877386
20.923302
20.773369
20.526047
20.418953
20.367636
20.278706
20.42578
20.489841
20.550049
20.543993
20.517342
20.477024
20.41237
20.4133
20.386429
20.354973
20.18034
19.971996
19.95472
19.912529
19.941328
19.877491
19.732983
19.589766
19.385517
19.338243
19.171501
19.225225
19.10505
19.004646
18.90046
18.822945
18.877344
19.000385
18.972118
18.939161
18.895985
18.775925
18.627977
18.396599
18.206995
18.271185
18.200665
18.28191
18.308165
18.226952
18.147932
18.006105
17.783052
17.719011
17.564243
17.32512
17.240995
17.053917
16.774872
16.664558
16.55588
16.38173
16.508755
16.301805
16.243126
16.103357
