15381.415
13472.231
11722.367
10045.801
8579.565
7270.815
6366.718
5734.739
5174.2563
4604.2656
4082.6836
3598.3958
3171.4038
2768.26
2438.676
2150.494
1915.2476
1691.7057
1580.0991
1461.7649
1342.9465
1305.3317
1261.6974
1196.5784
1130.7871
1049.3289
968.4004
895.6629
827.33075
761.8022
726.4547
709.0304
685.72235
646.7804
598.9324
596.84784
609.1288
595.0832
585.3794
566.73846
538.19714
505.20993
474.9228
449.22202
446.9719
428.65213
405.42453
378.04105
362.61987
360.73718
352.37106
339.60388
367.426
360.76633
347.1522
326.1154
307.26035
295.8429
283.13058
282.01263
293.53445
284.292
278.7613
281.02942
274.24506
261.4623
251.42365
247.68645
240.58694
227.38612
214.9757
202.90775
205.31447
226.64928
219.5488
208.13545
198.89377
193.45293
188.35594
186.42207
189.24585
190.9635
185.99915
182.6383
178.46114
171.37115
164.57878
158.8167
156.94547
161.40611
161.44623
158.05865
153.00974
144.39386
139.1425
140.40775
139.28973
136.72713
138.91864
133.83015
128.66557
127.4691
122.83146
117.38573
119.216354
118.3156
127.0221
126.878624
138.26706
135.77951
125.58934
118.30718
129.38057
123.73978
117.21529
109.99244
102.88918
102.745674
105.39451
101.16989
100.69435
97.241776
99.8907
109.89482
114.83044
105.21411
94.07043
88.08412
90.71292
88.62102
87.26737
85.99906
94.82445
90.42538
86.174904
79.18332
77.039215
78.26291
75.75304
75.30709
76.30141
76.0074
73.11753
78.84465
75.764786
76.73318
75.41323
75.48674
74.017265
76.23571
71.04545
70.61405
70.73611
75.61852
76.69947
75.14673
70.558334
68.7037
72.97265
75.70802
72.35544
67.17576
69.18023
75.56077
72.92857
69.53528
64.53531
59.6623
60.654667
68.53848
69.53654
62.392353
60.0215
61.62605
62.128693
64.73664
66.01417
63.748962
60.73505
59.944656
57.4659
54.60556
56.433117
57.237427
73.09333
72.57604
66.7794
60.973873
57.980087
59.281635
58.81707
58.008217
62.162407
60.92778
57.272575
56.471855
57.74173
55.11348
51.87093
57.389683
63.155495
67.792175
65.97378
61.468346
58.639385
62.00335
65.86051
68.0277
67.43241
60.993286
56.134636
53.955307
57.623302
58.78906
55.80202
53.43965
51.720524
51.5507
51.34503
48.90625
49.797302
66.7399
66.81311
60.847878
69.22043
67.69461
60.647793
58.693085
54.75222
53.24765
53.729073
61.977005
61.81597
61.732235
62.75955
74.171745
70.28819
65.83853
62.838844
60.735603
58.764004
58.780514
60.02247
57.432755
55.187527
52.288944
50.948063
47.41626
46.029655
46.40628
47.236996
58.29532
60.09825
56.789505
52.35974
50.86804
53.335857
59.506996
70.33478
66.31236
61.9984
59.693474
57.67765
56.695812
54.795406
53.010693
51.57
49.976658
50.581516
48.401962
50.06564
55.800884
55.09092
52.05797
57.198723
62.780853
62.143944
61.57164
61.06349
57.97094
54.654045
57.546364
58.378628
55.497013
55.398907
61.58568
59.30617
57.671417
57.02071
58.806625
55.968002
52.150246
50.21827
49.42838
48.224384
46.115314
45.075596
45.24873
45.141117
46.958626
74.07358
102.36922
91.48872
79.221054
70.98842
64.73742
60.747627
58.359356
55.437027
56.265343
53.576225
50.587463
48.789948
48.140697
49.555466
54.26664
54.875492
57.776566
57.81721
56.774033
54.57359
56.51115
55.558403
52.54486
50.75262
53.877472
61.668232
68.1858
66.89234
62.428143
58.161953
53.896877
51.999767
48.552994
66.15356
71.87359
66.06071
60.06248
56.976173
56.856476
58.530502
57.96261
55.44847
52.307346
51.23098
49.995575
49.68814
47.421646
47.18704
46.560932
58.39301
62.167618
59.22698
55.967228
52.40042
49.877964
52.0554
50.70032
48.2008
48.834885
49.976414
48.705334
48.6267
45.729572
46.36834
42.65133
40.339134
45.619587
51.19733
49.199738
52.084797
54.86574
63.950302
57.022404
50.977493
46.424126
47.21165
49.268307
50.993256
48.519154
47.236355
45.165524
45.69767
57.75889
71.17416
61.411243
57.745674
55.630234
50.911957
48.60457
48.2682
47.439194
48.333584
46.705624
45.09222
44.322132
46.955303
45.40491
43.971222
43.26472
