2.3054512
0.98637086
0.6310742
0.44802555
0.44061878
0.29230392
0.30430293
0.255644
0.30606207
0.2710424
0.23627475
0.16837385
0.16367531
0.17982212
0.15876915
0.15318578
0.122782834
0.12369898
0.11015394
0.10339907
0.11501703
0.10933396
0.10109718
0.09182102
0.0858119
0.13405222
0.08150872
0.11928967
0.07935002
0.08407408
0.08015682
0.085919164
0.05851886
0.0718192
0.07665316
0.06268015
0.05760464
0.052130926
0.04630461
0.05518216
0.05698683
0.044690654
0.050369736
0.038020976
0.06472118
0.040458553
0.04626205
0.03997293
0.0770316
0.042128153
0.04318893
0.032203704
0.035990328
0.039774023
0.031357113
0.033514254
0.03923287
0.028493654
0.03679364
0.025711743
0.025934352
0.03189812
0.027186988
0.025423404
0.02952926
0.030927233
0.024413168
0.027237514
0.029134836
0.023104187
0.022330754
0.025145408
0.023619028
0.021772658
0.02857532
0.025465725
0.022693083
0.02223856
0.025438083
0.020604214
0.019569224
0.020382768
0.019429622
0.024745677
0.02050232
0.022048684
0.017699955
0.021992829
0.018416487
0.02344254
0.021642894
0.01938857
0.018355962
0.022136603
0.016605131
0.018253794
0.017566264
0.03089995
0.019754699
0.016028618
