954.32916
589.13763
390.3646
269.02493
194.83553
152.31168
133.76228
116.93416
101.596054
88.38092
77.972115
72.9456
71.128654
67.59416
61.822075
56.22239
56.94619
53.980732
51.149426
49.725277
48.109398
47.627544
47.909622
46.536945
43.796246
41.193836
39.466927
37.556602
35.460224
33.051712
31.800114
32.067543
36.414894
35.01105
34.4034
30.000221
27.022522
27.99467
31.23824
30.934385
27.49699
23.736214
20.765484
18.09505
22.432758
38.391624
30.337858
22.541918
19.409145
19.374516
29.885494
38.933025
33.555264
24.509207
18.664106
14.458337
13.502849
11.771603
10.896782
9.608643
9.859875
9.013202
14.424603
13.423883
10.649863
9.221653
7.3791866
6.971042
7.087289
6.4351716
5.8289194
5.724423
5.887925
7.405065
7.573918
5.844455
6.208838
5.9474454
5.174513
4.203775
3.5000045
4.99753
23.777758
22.758204
13.211749
8.767234
6.6136127
5.568408
5.275696
4.3708954
3.6628294
4.708565
3.813671
2.7148988
13.986777
11.909263
6.3656864
5.196048
3.7743511
3.0320404
2.6750128
2.5283053
2.2314928
2.1350772
2.0549707
1.8893131
1.7512549
1.616719
1.7132298
4.812195
2.7753778
2.2340019
1.8327324
1.6042219
1.4205234
1.2541496
2.0931368
1.6465931
1.40635
1.5021595
1.8700129
1.8745443
41.601707
36.985928
20.516064
12.716865
8.712455
6.1732144
4.755087
3.8717155
3.339538
2.8811972
2.537681
2.3764758
2.233721
1.8753965
1.7916071
1.7917482
1.6863331
1.4967649
1.3814044
1.5068834
1.4534425
1.3794664
1.3094065
1.2837124
1.2804904
1.247614
1.2428536
1.2007065
1.1681145
1.0320605
1.0163847
0.9614144
0.99139005
1.0550442
1.124571
1.1295214
1.0690634
1.0347191
0.99063087
1.0422655
1.0466455
1.0316681
1.0387311
1.0308403
1.0294282
0.9383084
0.92825216
0.9435955
0.9398075
0.89862734
0.93026954
0.9361467
1.0093977
0.89653885
0.9404137
0.9677568
0.9001902
0.73922867
0.72610897
0.8290555
0.89769554
0.839829
0.9955393
1.0164447
1.0363301
0.8991345
0.8129546
0.77476513
0.7692448
0.7139236
0.91143304
0.83450776
2.5607293
3.3002715
2.1870573
1.3005449
1.0239971
0.9155882
0.82722825
0.6692998
0.7678037
0.815539
0.7502787
0.67715174
0.72674674
0.71163774
0.64224607
0.6209899
0.6316254
0.7709724
0.79466605
0.8521794
2.6115754
1.4523709
1.1065459
0.8976446
0.75932914
0.61972404
0.64795923
4.141602
2.4673417
1.3003463
0.80102015
0.6335848
0.7125756
0.6535914
0.60385114
0.579015
1.7326336
1.432761
0.9275072
0.80671304
0.66889757
0.5753788
0.5300893
0.5067265
0.46646494
0.42684048
0.479063
0.64154464
0.59571445
0.47454247
0.45462003
0.5069453
2.1552763
1.5517895
0.9033816
0.7132876
0.6017961
0.6086661
0.53772104
0.60638994
0.4871922
0.8753717
34.973106
34.377968
24.162806
17.865088
14.547953
13.093725
10.4637
8.826572
7.6677375
6.724139
5.993845
5.217355
4.6644354
4.0601816
3.6733181
3.363362
3.1943407
2.932451
2.5173059
2.222321
1.9815916
1.8215255
1.706949
1.527215
1.3526956
1.3823729
1.2940779
1.2491143
1.1903046
1.0896219
2.0738437
1.3822075
0.9643396
0.8093538
0.7623831
0.65490025
0.6094516
0.60766953
1.5728546
1.523782
0.9946096
0.6059751
0.58185947
0.5485915
0.49312344
0.44188458
0.39014354
0.3498993
0.32222944
0.2985627
0.28132033
0.26455894
0.25206885
0.23885253
0.22867686
0.21719585
0.2081288
0.19727135
0.18888739
0.17893139
0.17114562
0.1616081
0.15355837
0.1440169
0.13676624
0.13316754
0.1290407
0.12501515
0.12105302
0.11748187
0.113756515
0.108853385
0.10478789
0.10079412
0.09753933
0.09679227
0.094684914
0.093054846
0.091146305
0.08925162
0.08975937
0.08693991
0.085306935
0.082287915
0.080490366
0.08036467
0.07945577
0.076867685
0.075351335
0.07403838
0.075052
0.07270727
0.071357325
0.070147365
0.06945838
0.07049774
0.07040092
0.06848275
0.06760909
0.067005716
0.06771112
0.06595409
0.06520739
0.06303084
0.062437564
0.06353985
0.063149706
0.06092674
0.06017345
0.059728358
0.061052833
0.060917854
0.06045411
0.05851769
0.05797347
0.059124224
0.05895705
0.058939632
0.05871168
0.057667274
0.057075027
0.057076108
0.056732822
0.056496184
0.056350384
0.05809066
0.05813564
0.05628426
0.056085423
0.054650653
0.053913597
0.0521898
0.051628
0.051290393
0.051305573
0.052845996
0.052968748
0.05367284
0.052619576
0.05142229
0.053868677
0.053149547
0.05325464
0.053617846
1007.20917
640.48846
443.5739
314.91394
237.96736
189.03975
154.51259
130.62701
118.06977
108.27042
96.71747
88.943756
81.57185
76.83425
79.19605
75.36082
72.03928
67.304726
63.33691
60.385956
59.51871
55.97586
53.4255
48.853813
63.78533
69.53199
65.194405
60.164314
54.921932
49.118786
44.678913
42.386868
39.60301
35.553844
33.172268
30.023808
27.78312
26.809841
26.103579
26.064041
63.553875
61.685425
51.954327
42.419727
36.505623
31.95486
30.327646
28.271837
26.089025
23.41778
23.242203
23.856182
22.776194
20.028206
21.66688
23.840097
20.144632
17.16108
16.288523
14.892267
13.366587
12.021831
12.274855
10.94003
9.7684
11.436565
11.103169
9.046488
9.157686
10.195412
9.282231
7.669439
7.563563
6.521841
15.518594
10.906444
8.086065
6.8251495
5.8453264
6.0033903
6.146587
6.771401
6.367168
6.202369
5.3259854
4.5795846
4.379711
3.978502
3.7132902
3.7620442
4.173113
4.1763906
3.8134792
3.4387531
3.7322245
3.5167701
3.7230918
3.6074207
3.756902
3.7087224
3.1605647
3.2918615
3.7885284
3.2873297
2.9526606
3.012394
3.0196319
3.157295
4.6931615
6.5620017
4.8893776
4.054754
3.2883613
2.675467
2.519997
2.9505801
2.8275
3.3104632
3.222804
3.0870998
3.0296118
2.7581422
13.183523
8.511998
4.501838
3.986937
3.306961
3.424398
3.545536
2.7035139
2.4871447
2.704597
2.5833762
2.538889
2.8034222
2.0772712
1.8118724
1.5647099
3.172277
8.676669
5.977437
3.3450782
2.3788993
1.8390731
2.1960406
2.3512511
2.0761192
2.0316453
2.0920763
2.0075688
14.59074
10.096528
5.9855065
3.6279616
3.2385564
2.0531163
2.1991622
1.9549565
1.3643862
1.4849389
1.5901664
1.3645861
1.3111525
1.1929934
1.4554536
1.2922254
1.6121559
1.8855008
1.2648954
1.3650162
3.600775
3.0166621
1.7161299
1.2513087
1.7083236
1.3158343
1.15313
0.87292767
1.316471
0.8854843
0.80553013
1.1212636
0.87865055
0.76816213
0.6887761
0.7328527
0.706693
0.644232
0.89881307
1.2746092
1.0414616
0.97124773
0.805247
0.7499416
0.7446271
0.75111717
0.78430814
0.8508714
0.92687106
0.8895096
0.7987004
0.8830218
0.91702104
0.8619745
0.88588715
0.8479189
0.9719734
0.8956219
0.85873085
0.9012065
0.9553705
1.039553
0.996395
0.9785829
1.0264015
1.0103385
1.0723962
1.0437404
1.0420592
1.1827748
1.1938423
1.2887868
1.2809656
1.1907886
1.1926986
1.0563468
1.0691947
1.033676
1.0302092
1.0228801
1.1476183
1.3343087
1.3181461
1.281023
1.1715678
1.2623098
1.1899483
1.2744279
1.510463
1.4886945
1.3436443
1.1924436
1.062147
0.9970678
1.0570488
1.1280359
1.4464412
1.3899442
1.4372317
1.5039319
1.3839691
1.5981716
1.5461015
1.868489
1.4774024
1.1268802
1.4414409
1.3667178
1.606291
1.5699953
1.4800217
1.3043075
1.2184967
1.0827483
0.98053294
1.0312918
1.1682507
2.668738
3.1179566
1.7816796
1.2694978
1.2708946
1.3914877
1.1450576
1.0692629
0.9379163
1.6154646
1.4741824
1.7061164
1.3150257
2.2986858
2.9602728
1.6974167
2.8310573
1.6390316
1.0246181
1.6557643
0.9081105
3.006522
1.8786219
5.5978236
14.774675
14.538154
5.060893
2.5935042
1.5138538
1.5109252
1.199088
1.1749463
0.93431395
0.91394943
0.8380781
1.0209059
1.4761184
1.1814847
1.1607044
0.7908742
1.5532767
1.9040363
1.0207797
0.8503999
0.95127726
2.227077
0.89200056
1.7250581
0.6949128
4.380088
8.20092
2.7885628
1.2147018
1.132715
0.74426687
0.82302713
2.360566
0.97964394
0.67880946
0.8495434
0.9424773
0.58305603
0.6307775
0.94129515
0.7905603
1.027534
0.96039367
0.6062422
1.1734564
0.9395501
0.577354
0.49726483
0.6387121
0.63684356
0.45500365
0.8116829
0.6342494
0.43991816
1.033895
1.0775828
0.57465076
0.57728994
0.6082971
0.5887043
1.4067271
0.8686129
0.4574554
0.93497956
1.1692082
0.5582668
0.46859854
0.40084192
0.61071324
1.0383025
5.4749293
1.4458537
0.77252007
0.54954517
0.4567112
0.9896443
0.73315406
0.6146869
0.34967047
0.46034414
0.42630073
0.58507013
0.61136097
0.48815015
0.84758675
0.9505169
1.1770405
0.6190243
0.41925785
0.7350224
1.7270522
0.538951
0.43818402
0.5002691
0.38892123
0.4793067
0.47899908
0.49527434
0.69619024
0.5019715
0.48831144
0.26938188
0.70756817
0.53641725
0.53348637
0.70654035
0.44310042
0.5647553
0.9152529
